day2
11 22
11
22
95 115
95
998 1012
998
1010
1188511880 1188511890
1188511880
222220 222224
222220
1698522 1698528
1698522
170170
171171
172172
173173
174174
175175
176176
177177
178178
179179
180180
181181
182182
183183
184184
185185
186186
187187
188188
189189
190190
191191
192192
193193
194194
195195
196196
197197
198198
199199
200200
201201
202202
203203
204204
205205
206206
207207
208208
209209
210210
211211
212212
213213
214214
215215
216216
217217
218218
219219
220220
221221
222222
223223
224224
225225
226226
227227
228228
229229
230230
231231
232232
233233
234234
235235
236236
237237
238238
239239
240240
241241
242242
243243
244244
245245
246246
247247
248248
249249
250250
251251
252252
253253
254254
255255
256256
257257
258258
259259
260260
261261
262262
263263
264264
265265
266266
267267
268268
269269
270270
271271
272272
273273
274274
275275
276276
277277
278278
279279
280280
281281
282282
283283
284284
285285
286286
287287
288288
289289
290290
291291
292292
293293
294294
295295
296296
297297
298298
299299
300300
301301
302302
303303
304304
305305
306306
307307
308308
309309
310310
311311
312312
313313
314314
315315
316316
317317
318318
319319
320320
321321
322322
323323
324324
325325
326326
327327
328328
329329
330330
331331
332332
333333
334334
335335
336336
337337
338338
339339
340340
341341
342342
343343
344344
345345
346346
347347
348348
349349
350350
351351
352352
353353
354354
355355
356356
357357
358358
359359
360360
361361
362362
363363
364364
365365
366366
367367
368368
369369
370370
371371
372372
373373
374374
375375
376376
377377
378378
379379
380380
381381
382382
383383
384384
385385
386386
387387
388388
389389
390390
391391
392392
393393
394394
395395
396396
397397
398398
399399
400400
401401
402402
403403
404404
405405
406406
407407
408408
409409
410410
411411
412412
413413
414414
415415
416416
417417
418418
419419
420420
421421
422422
423423
424424
425425
426426
427427
428428
429429
430430
431431
432432
433433
434434
435435
436436
437437
438438
439439
440440
441441
442442
443443
444444
445445
446446
447447
448448
449449
450450
451451
452452
453453
454454
455455
456456
457457
458458
459459
460460
461461
462462
463463
464464
465465
466466
467467
468468
469469
470470
471471
472472
473473
474474
475475
476476
477477
478478
479479
480480
481481
482482
483483
484484
485485
486486
487487
488488
489489
490490
491491
492492
493493
494494
495495
496496
497497
498498
499499
500500
501501
502502
503503
504504
505505
506506
507507
508508
509509
510510
511511
512512
513513
514514
515515
516516
517517
518518
519519
520520
521521
522522
523523
524524
525525
526526
527527
528528
529529
530530
531531
532532
533533
534534
535535
536536
537537
538538
539539
540540
541541
542542
543543
544544
545545
546546
547547
548548
549549
550550
551551
552552
553553
554554
555555
556556
557557
558558
559559
560560
561561
562562
563563
564564
565565
566566
567567
568568
569569
570570
571571
572572
573573
574574
575575
576576
577577
578578
579579
580580
581581
582582
583583
584584
585585
586586
587587
588588
589589
590590
591591
592592
593593
594594
595595
596596
597597
598598
599599
600600
601601
602602
603603
604604
605605
606606
607607
608608
609609
610610
611611
612612
613613
614614
615615
616616
617617
618618
619619
620620
621621
622622
623623
624624
625625
626626
627627
628628
629629
630630
631631
632632
633633
634634
635635
636636
637637
638638
639639
640640
641641
642642
643643
644644
645645
646646
647647
648648
649649
650650
651651
652652
653653
654654
655655
656656
657657
658658
659659
660660
661661
662662
663663
664664
665665
666666
667667
668668
669669
670670
671671
672672
673673
674674
675675
676676
677677
678678
679679
680680
681681
682682
683683
684684
685685
686686
687687
688688
689689
690690
691691
692692
693693
694694
695695
696696
697697
698698
699699
700700
701701
702702
703703
704704
705705
706706
707707
708708
709709
710710
711711
712712
713713
714714
715715
716716
717717
718718
719719
720720
721721
722722
723723
724724
725725
726726
727727
728728
729729
730730
731731
732732
733733
734734
735735
736736
737737
738738
739739
740740
741741
742742
743743
744744
745745
746746
747747
748748
749749
750750
751751
752752
753753
754754
755755
756756
757757
758758
759759
760760
761761
762762
763763
764764
765765
766766
767767
768768
769769
770770
771771
772772
773773
774774
775775
776776
777777
778778
779779
780780
781781
782782
783783
784784
785785
786786
787787
788788
789789
790790
791791
792792
793793
794794
795795
796796
797797
798798
799799
800800
801801
802802
803803
804804
805805
806806
807807
808808
809809
810810
811811
812812
813813
814814
815815
816816
817817
818818
819819
820820
821821
822822
823823
824824
825825
826826
827827
828828
829829
830830
831831
832832
833833
834834
835835
836836
837837
838838
839839
840840
841841
842842
843843
844844
845845
846846
847847
848848
849849
850850
851851
852852
853853
854854
855855
856856
857857
858858
859859
860860
861861
862862
863863
864864
865865
866866
867867
868868
869869
870870
871871
872872
873873
874874
875875
876876
877877
878878
879879
880880
881881
882882
883883
884884
885885
886886
887887
888888
889889
890890
891891
892892
893893
894894
895895
896896
897897
898898
899899
900900
901901
902902
903903
904904
905905
906906
907907
908908
909909
910910
911911
912912
913913
914914
915915
916916
917917
918918
919919
920920
921921
922922
923923
924924
925925
926926
927927
928928
929929
930930
931931
932932
933933
934934
935935
936936
937937
938938
939939
940940
941941
942942
943943
944944
945945
946946
947947
948948
949949
950950
951951
952952
953953
954954
955955
956956
957957
958958
959959
960960
961961
962962
963963
964964
965965
966966
967967
968968
969969
970970
971971
972972
973973
974974
975975
976976
977977
978978
979979
980980
981981
982982
983983
984984
985985
986986
987987
988988
989989
990990
991991
992992
993993
994994
995995
996996
997997
998998
999999
446443 446449
446443
38593856 38593862
38593856
565653 565659
565653
824824821 824824827
824824821
82498249
82508250
82518251
82528252
82538253
82548254
82558255
82568256
82578257
82588258
82598259
82608260
82618261
82628262
82638263
82648264
82658265
82668266
82678267
82688268
82698269
82708270
82718271
82728272
82738273
82748274
82758275
82768276
82778277
82788278
82798279
82808280
82818281
82828282
82838283
82848284
82858285
82868286
82878287
82888288
82898289
82908290
82918291
82928292
82938293
82948294
82958295
82968296
82978297
82988298
82998299
83008300
83018301
83028302
83038303
83048304
83058305
83068306
83078307
83088308
83098309
83108310
83118311
83128312
83138313
83148314
83158315
83168316
83178317
83188318
83198319
83208320
83218321
83228322
83238323
83248324
83258325
83268326
83278327
83288328
83298329
83308330
83318331
83328332
83338333
83348334
83358335
83368336
83378337
83388338
83398339
83408340
83418341
83428342
83438343
83448344
83458345
83468346
83478347
83488348
83498349
83508350
83518351
83528352
83538353
83548354
83558355
83568356
83578357
83588358
83598359
83608360
83618361
83628362
83638363
83648364
83658365
83668366
83678367
83688368
83698369
83708370
83718371
83728372
83738373
83748374
83758375
83768376
83778377
83788378
83798379
83808380
83818381
83828382
83838383
83848384
83858385
83868386
83878387
83888388
83898389
83908390
83918391
83928392
83938393
83948394
83958395
83968396
83978397
83988398
83998399
84008400
84018401
84028402
84038403
84048404
84058405
84068406
84078407
84088408
84098409
84108410
84118411
84128412
84138413
84148414
84158415
84168416
84178417
84188418
84198419
84208420
84218421
84228422
84238423
84248424
84258425
84268426
84278427
84288428
84298429
84308430
84318431
84328432
84338433
84348434
84358435
84368436
84378437
84388438
84398439
84408440
84418441
84428442
84438443
84448444
84458445
84468446
84478447
84488448
84498449
84508450
84518451
84528452
84538453
84548454
84558455
84568456
84578457
84588458
84598459
84608460
84618461
84628462
84638463
84648464
84658465
84668466
84678467
84688468
84698469
84708470
84718471
84728472
84738473
84748474
84758475
84768476
84778477
84788478
84798479
84808480
84818481
84828482
84838483
84848484
84858485
84868486
84878487
84888488
84898489
84908490
84918491
84928492
84938493
84948494
84958495
84968496
84978497
84988498
84998499
85008500
85018501
85028502
85038503
85048504
85058505
85068506
85078507
85088508
85098509
85108510
85118511
85128512
85138513
85148514
85158515
85168516
85178517
85188518
85198519
85208520
85218521
85228522
85238523
85248524
85258525
85268526
85278527
85288528
85298529
85308530
85318531
85328532
85338533
85348534
85358535
85368536
85378537
85388538
85398539
85408540
85418541
85428542
85438543
85448544
85458545
85468546
85478547
85488548
85498549
85508550
85518551
85528552
85538553
85548554
85558555
85568556
85578557
85588558
85598559
85608560
85618561
85628562
85638563
85648564
85658565
85668566
85678567
85688568
85698569
85708570
85718571
85728572
85738573
85748574
85758575
85768576
85778577
85788578
85798579
85808580
85818581
85828582
85838583
85848584
85858585
85868586
85878587
85888588
85898589
85908590
85918591
85928592
85938593
85948594
85958595
85968596
85978597
85988598
85998599
86008600
86018601
86028602
86038603
86048604
86058605
86068606
86078607
86088608
86098609
86108610
86118611
86128612
86138613
86148614
86158615
86168616
86178617
86188618
86198619
86208620
86218621
86228622
86238623
86248624
86258625
86268626
86278627
86288628
86298629
86308630
86318631
86328632
86338633
86348634
86358635
86368636
86378637
86388638
86398639
86408640
86418641
86428642
86438643
86448644
86458645
86468646
86478647
86488648
86498649
86508650
86518651
86528652
86538653
86548654
86558655
86568656
86578657
86588658
86598659
86608660
86618661
86628662
86638663
86648664
86658665
86668666
86678667
86688668
86698669
86708670
86718671
86728672
86738673
86748674
86758675
86768676
86778677
86788678
86798679
86808680
86818681
86828682
86838683
86848684
86858685
86868686
86878687
86888688
86898689
86908690
86918691
86928692
86938693
86948694
86958695
86968696
86978697
86988698
86998699
87008700
87018701
87028702
87038703
87048704
87058705
87068706
87078707
87088708
87098709
87108710
87118711
87128712
87138713
87148714
87158715
87168716
87178717
87188718
87198719
87208720
87218721
87228722
87238723
87248724
87258725
87268726
87278727
87288728
87298729
87308730
87318731
87328732
87338733
87348734
87358735
87368736
87378737
87388738
87398739
87408740
87418741
87428742
87438743
87448744
87458745
87468746
87478747
87488748
87498749
87508750
87518751
87528752
87538753
87548754
87558755
87568756
87578757
87588758
87598759
87608760
87618761
87628762
87638763
87648764
87658765
87668766
87678767
87688768
87698769
87708770
87718771
87728772
87738773
87748774
87758775
87768776
87778777
87788778
87798779
87808780
87818781
87828782
87838783
87848784
87858785
87868786
87878787
87888788
87898789
87908790
87918791
87928792
87938793
87948794
87958795
87968796
87978797
87988798
87998799
88008800
88018801
88028802
88038803
88048804
88058805
88068806
88078807
88088808
88098809
88108810
88118811
88128812
88138813
88148814
88158815
88168816
88178817
88188818
88198819
88208820
88218821
88228822
88238823
88248824
88258825
88268826
88278827
88288828
88298829
88308830
88318831
88328832
88338833
88348834
88358835
88368836
88378837
88388838
88398839
88408840
88418841
88428842
88438843
88448844
88458845
88468846
88478847
88488848
88498849
88508850
88518851
88528852
88538853
88548854
88558855
88568856
88578857
88588858
88598859
88608860
88618861
88628862
88638863
88648864
88658865
88668866
88678867
88688868
88698869
88708870
88718871
88728872
88738873
88748874
88758875
88768876
88778877
88788878
88798879
88808880
88818881
88828882
88838883
88848884
88858885
88868886
88878887
88888888
88898889
88908890
88918891
88928892
88938893
88948894
88958895
88968896
88978897
88988898
88998899
89008900
89018901
89028902
89038903
89048904
89058905
89068906
89078907
89088908
89098909
89108910
89118911
89128912
89138913
89148914
89158915
89168916
89178917
89188918
89198919
89208920
89218921
89228922
89238923
89248924
89258925
89268926
89278927
89288928
89298929
89308930
89318931
89328932
89338933
89348934
89358935
89368936
89378937
89388938
89398939
89408940
89418941
89428942
89438943
89448944
89458945
89468946
89478947
89488948
89498949
89508950
89518951
89528952
89538953
89548954
89558955
89568956
89578957
89588958
89598959
89608960
89618961
89628962
89638963
89648964
89658965
89668966
89678967
89688968
89698969
89708970
89718971
89728972
89738973
89748974
89758975
89768976
89778977
89788978
89798979
89808980
89818981
89828982
89838983
89848984
89858985
89868986
89878987
89888988
89898989
89908990
89918991
89928992
89938993
89948994
89958995
89968996
89978997
89988998
89998999
90009000
90019001
90029002
90039003
90049004
90059005
90069006
90079007
90089008
90099009
90109010
90119011
90129012
90139013
90149014
90159015
90169016
90179017
90189018
90199019
90209020
90219021
90229022
90239023
90249024
90259025
90269026
90279027
90289028
90299029
90309030
90319031
90329032
90339033
90349034
90359035
90369036
90379037
90389038
90399039
90409040
90419041
90429042
90439043
90449044
90459045
90469046
90479047
90489048
90499049
90509050
90519051
90529052
90539053
90549054
90559055
90569056
90579057
90589058
90599059
90609060
90619061
90629062
90639063
90649064
90659065
90669066
90679067
90689068
90699069
90709070
90719071
90729072
90739073
90749074
90759075
90769076
90779077
90789078
90799079
90809080
90819081
90829082
90839083
90849084
90859085
90869086
90879087
90889088
90899089
90909090
90919091
90929092
90939093
90949094
90959095
90969096
90979097
90989098
90999099
91009100
91019101
91029102
91039103
91049104
91059105
91069106
91079107
91089108
91099109
91109110
91119111
91129112
91139113
91149114
91159115
91169116
91179117
91189118
91199119
91209120
91219121
91229122
91239123
91249124
91259125
91269126
91279127
91289128
91299129
91309130
91319131
91329132
91339133
91349134
91359135
91369136
91379137
91389138
91399139
91409140
91419141
91429142
91439143
91449144
91459145
91469146
91479147
91489148
91499149
91509150
91519151
91529152
91539153
91549154
91559155
91569156
91579157
91589158
91599159
91609160
91619161
91629162
91639163
91649164
91659165
91669166
91679167
91689168
91699169
91709170
91719171
91729172
91739173
91749174
91759175
91769176
91779177
91789178
91799179
91809180
91819181
91829182
91839183
91849184
91859185
91869186
91879187
91889188
91899189
91909190
91919191
91929192
91939193
91949194
91959195
91969196
91979197
91989198
91999199
92009200
92019201
92029202
92039203
92049204
92059205
92069206
92079207
92089208
92099209
92109210
92119211
92129212
92139213
92149214
92159215
92169216
92179217
92189218
92199219
92209220
92219221
92229222
92239223
92249224
92259225
92269226
92279227
92289228
92299229
92309230
92319231
92329232
92339233
92349234
92359235
92369236
92379237
92389238
92399239
92409240
92419241
92429242
92439243
92449244
92459245
92469246
92479247
92489248
92499249
92509250
92519251
92529252
92539253
92549254
92559255
92569256
92579257
92589258
92599259
92609260
92619261
92629262
92639263
92649264
92659265
92669266
92679267
92689268
92699269
92709270
92719271
92729272
92739273
92749274
92759275
92769276
92779277
92789278
92799279
92809280
92819281
92829282
92839283
92849284
92859285
92869286
92879287
92889288
92899289
92909290
92919291
92929292
92939293
92949294
92959295
92969296
92979297
92989298
92999299
93009300
93019301
93029302
93039303
93049304
93059305
93069306
93079307
93089308
93099309
93109310
93119311
93129312
93139313
93149314
93159315
93169316
93179317
93189318
93199319
93209320
93219321
93229322
93239323
93249324
93259325
93269326
93279327
93289328
93299329
93309330
93319331
93329332
93339333
93349334
93359335
93369336
93379337
93389338
93399339
93409340
93419341
93429342
93439343
93449344
93459345
93469346
93479347
93489348
93499349
93509350
93519351
93529352
93539353
93549354
93559355
93569356
93579357
93589358
93599359
93609360
93619361
93629362
93639363
93649364
93659365
93669366
93679367
93689368
93699369
93709370
93719371
93729372
93739373
93749374
93759375
93769376
93779377
93789378
93799379
93809380
93819381
93829382
93839383
93849384
93859385
93869386
93879387
93889388
93899389
93909390
93919391
93929392
93939393
93949394
93959395
93969396
93979397
93989398
93999399
94009400
94019401
94029402
94039403
94049404
94059405
94069406
94079407
94089408
94099409
94109410
94119411
94129412
94139413
94149414
94159415
94169416
94179417
94189418
94199419
94209420
94219421
94229422
94239423
94249424
94259425
94269426
94279427
94289428
94299429
94309430
94319431
94329432
94339433
94349434
94359435
94369436
94379437
94389438
94399439
94409440
94419441
94429442
94439443
94449444
94459445
94469446
94479447
94489448
94499449
94509450
94519451
94529452
94539453
94549454
94559455
94569456
94579457
94589458
94599459
94609460
94619461
94629462
94639463
94649464
94659465
94669466
94679467
94689468
94699469
94709470
94719471
94729472
94739473
94749474
94759475
94769476
94779477
94789478
94799479
94809480
94819481
94829482
94839483
94849484
94859485
94869486
94879487
94889488
94899489
94909490
94919491
94929492
94939493
94949494
94959495
94969496
94979497
94989498
94999499
95009500
95019501
95029502
95039503
95049504
95059505
95069506
95079507
95089508
95099509
95109510
95119511
95129512
95139513
95149514
95159515
95169516
95179517
95189518
95199519
95209520
95219521
95229522
95239523
95249524
95259525
95269526
95279527
95289528
95299529
95309530
95319531
95329532
95339533
95349534
95359535
95369536
95379537
95389538
95399539
95409540
95419541
95429542
95439543
95449544
95459545
95469546
95479547
95489548
95499549
95509550
95519551
95529552
95539553
95549554
95559555
95569556
95579557
95589558
95599559
95609560
95619561
95629562
95639563
95649564
95659565
95669566
95679567
95689568
95699569
95709570
95719571
95729572
95739573
95749574
95759575
95769576
95779577
95789578
95799579
95809580
95819581
95829582
95839583
95849584
95859585
95869586
95879587
95889588
95899589
95909590
95919591
95929592
95939593
95949594
95959595
95969596
95979597
95989598
95999599
96009600
96019601
96029602
96039603
96049604
96059605
96069606
96079607
96089608
96099609
96109610
96119611
96129612
96139613
96149614
96159615
96169616
96179617
96189618
96199619
96209620
96219621
96229622
96239623
96249624
96259625
96269626
96279627
96289628
96299629
96309630
96319631
96329632
96339633
96349634
96359635
96369636
96379637
96389638
96399639
96409640
96419641
96429642
96439643
96449644
96459645
96469646
96479647
96489648
96499649
96509650
96519651
96529652
96539653
96549654
96559655
96569656
96579657
96589658
96599659
96609660
96619661
96629662
96639663
96649664
96659665
96669666
96679667
96689668
96699669
96709670
96719671
96729672
96739673
96749674
96759675
96769676
96779677
96789678
96799679
96809680
96819681
96829682
96839683
96849684
96859685
96869686
96879687
96889688
96899689
96909690
96919691
96929692
96939693
96949694
96959695
96969696
96979697
96989698
96999699
97009700
97019701
97029702
97039703
97049704
97059705
97069706
97079707
97089708
97099709
97109710
97119711
97129712
97139713
97149714
97159715
97169716
97179717
97189718
97199719
97209720
97219721
97229722
97239723
97249724
97259725
97269726
97279727
97289728
97299729
97309730
97319731
97329732
97339733
97349734
97359735
97369736
97379737
97389738
97399739
97409740
97419741
97429742
97439743
97449744
97459745
97469746
97479747
97489748
97499749
97509750
97519751
97529752
97539753
97549754
97559755
97569756
97579757
97589758
97599759
97609760
97619761
97629762
97639763
97649764
97659765
97669766
97679767
97689768
97699769
97709770
97719771
97729772
97739773
97749774
97759775
97769776
97779777
97789778
97799779
97809780
97819781
97829782
97839783
97849784
97859785
97869786
97879787
97889788
97899789
97909790
97919791
97929792
97939793
97949794
97959795
97969796
97979797
97989798
97999799
98009800
98019801
98029802
98039803
98049804
98059805
98069806
98079807
98089808
98099809
98109810
98119811
98129812
98139813
98149814
98159815
98169816
98179817
98189818
98199819
98209820
98219821
98229822
98239823
98249824
98259825
98269826
98279827
98289828
98299829
98309830
98319831
98329832
98339833
98349834
98359835
98369836
98379837
98389838
98399839
98409840
98419841
98429842
98439843
98449844
98459845
98469846
98479847
98489848
98499849
98509850
98519851
98529852
98539853
98549854
98559855
98569856
98579857
98589858
98599859
98609860
98619861
98629862
98639863
98649864
98659865
98669866
98679867
98689868
98699869
98709870
98719871
98729872
98739873
98749874
98759875
98769876
98779877
98789878
98799879
98809880
98819881
98829882
98839883
98849884
98859885
98869886
98879887
98889888
98899889
98909890
98919891
98929892
98939893
98949894
98959895
98969896
98979897
98989898
98999899
99009900
99019901
99029902
99039903
99049904
99059905
99069906
99079907
99089908
99099909
99109910
99119911
99129912
99139913
99149914
99159915
99169916
99179917
99189918
99199919
99209920
99219921
99229922
99239923
99249924
99259925
99269926
99279927
99289928
99299929
99309930
99319931
99329932
99339933
99349934
99359935
99369936
99379937
99389938
99399939
99409940
99419941
99429942
99439943
99449944
99459945
99469946
99479947
99489948
99499949
99509950
99519951
99529952
99539953
99549954
99559955
99569956
99579957
99589958
99599959
99609960
99619961
99629962
99639963
99649964
99659965
99669966
99679967
99689968
99699969
99709970
99719971
99729972
99739973
99749974
99759975
99769976
99779977
99789978
99799979
99809980
99819981
99829982
99839983
99849984
99859985
99869986
99879987
99889988
99899989
99909990
99919991
99929992
99939993
99949994
99959995
99969996
99979997
99989998
99999999
2121212118 2121212124
2121212118
4999648422
